--- linux-2.6.0-test7/scripts/genksyms/parse.c_shipped.~1~	2003-10-08 21:24:33.000000000 +0200
+++ linux-2.6.0-test7/scripts/genksyms/parse.c_shipped	2003-10-09 15:28:30.000000000 +0200
@@ -156,7 +156,7 @@ static const short yyrhs[] = {    53,
     71,    94,    92,    82,     0,     0,    62,     0,    63,     0,
     62,    63,     0,    64,     0,    65,     0,     5,     0,    16,
      0,    20,     0,    11,     0,    13,     0,    66,     0,    70,
-     0,    27,    46,    65,    47,     0,    21,    36,     0,    23,
+     0,    27,    46,    62,    47,     0,    21,    36,     0,    23,
     36,     0,    10,    36,     0,    21,    36,    84,     0,    23,
     36,    84,     0,    10,    36,    31,     0,    10,    31,     0,
     21,    84,     0,    23,    84,     0,     7,     0,    18,     0,
@@ -291,142 +291,150 @@ static const short yydefgoto[] = {     1
 };
 
 static const short yypact[] = {-32768,
-    19,-32768,   175,-32768,    32,-32768,-32768,-32768,-32768,-32768,
+    15,-32768,   197,-32768,    23,-32768,-32768,-32768,-32768,-32768,
    -18,-32768,-32768,-32768,-32768,-32768,-32768,-32768,-32768,-32768,
--32768,   -30,-32768,   -26,-32768,-32768,-32768,   -32,   -10,    -2,
--32768,-32768,-32768,-32768,     2,   428,-32768,-32768,-32768,-32768,
--32768,-32768,-32768,-32768,-32768,-32768,-32768,    34,    12,    79,
--32768,   428,    12,-32768,   455,    33,-32768,-32768,    15,    14,
-    35,    29,-32768,     2,   -14,   -21,-32768,-32768,-32768,    67,
-    31,    37,   127,-32768,-32768,     2,-32768,    54,    60,    66,
-    69,-32768,    14,-32768,-32768,     2,-32768,-32768,-32768,    84,
--32768,   219,-32768,-32768,    70,-32768,    20,    91,    72,    84,
-   -20,    74,    81,-32768,-32768,-32768,    86,-32768,   102,-32768,
-   106,-32768,-32768,-32768,-32768,-32768,   109,   108,   348,   112,
-   126,   117,-32768,-32768,   118,-32768,   122,-32768,-32768,-32768,
--32768,   262,-32768,    31,-32768,   131,-32768,-32768,-32768,-32768,
--32768,     7,   120,-32768,    -9,-32768,-32768,   392,-32768,-32768,
-   125,   130,-32768,-32768,   132,-32768,   159,-32768,-32768,   305,
--32768,-32768,-32768,-32768,-32768,-32768,   160,   161,-32768,-32768,
-   174,-32768
+-32768,   -28,-32768,   -25,-32768,-32768,-32768,   -26,   -22,   -12,
+-32768,-32768,-32768,-32768,    49,   493,-32768,-32768,-32768,-32768,
+-32768,-32768,-32768,-32768,-32768,-32768,-32768,    27,    -8,   101,
+-32768,   493,    -8,-32768,   493,    10,-32768,-32768,    11,     9,
+    18,    26,-32768,    49,   -15,   -13,-32768,-32768,-32768,    25,
+    24,    48,   149,-32768,-32768,    49,-32768,   414,    39,    40,
+    47,-32768,     9,-32768,-32768,    49,-32768,-32768,-32768,    66,
+-32768,   241,-32768,-32768,    50,-32768,     5,    65,    42,    66,
+    17,    56,    55,-32768,-32768,-32768,    60,-32768,    75,-32768,
+    80,-32768,-32768,-32768,-32768,-32768,    81,    82,   370,    85,
+    98,    89,-32768,-32768,    88,-32768,    91,-32768,-32768,-32768,
+-32768,   284,-32768,    24,-32768,   103,-32768,-32768,-32768,-32768,
+-32768,     8,    43,-32768,    30,-32768,-32768,   457,-32768,-32768,
+    92,    93,-32768,-32768,    95,-32768,    96,-32768,-32768,   327,
+-32768,-32768,-32768,-32768,-32768,-32768,    99,   104,-32768,-32768,
+   148,-32768
 };
 
 static const short yypgoto[] = {-32768,
-   208,-32768,-32768,-32768,   158,-32768,-32768,   128,     0,   -90,
-   -36,-32768,   157,-32768,   -70,-32768,-32768,   -51,   -31,-32768,
-   -40,-32768,  -125,-32768,-32768,    65,   -97,-32768,-32768,-32768,
--32768,   -19,-32768,-32768,   143,-32768,-32768,    83,   124,   141,
+   152,-32768,-32768,-32768,   119,-32768,-32768,    94,     0,   -55,
+   -35,-32768,-32768,-32768,   -69,-32768,-32768,   -56,   -30,-32768,
+   -76,-32768,  -122,-32768,-32768,    29,   -62,-32768,-32768,-32768,
+-32768,   -17,-32768,-32768,   105,-32768,-32768,    52,    86,    83,
 -32768,-32768,-32768
 };
 
 
-#define	YYLAST		495
+#define	YYLAST		533
 
 
-static const short yytable[] = {    67,
-    99,   119,    35,    65,    54,    49,   152,   155,    84,    53,
-    91,   131,    47,    55,    88,    80,    89,    48,   171,    50,
-   125,     9,   159,    50,    92,   132,    99,    81,    99,    69,
-    18,   114,    87,    77,   168,    56,   160,    58,   -89,    27,
-    57,   119,   140,    31,   157,   158,   156,    59,   143,    60,
-    58,    76,   142,   -89,    60,   126,   127,   119,   129,    96,
-    59,    50,    60,    99,    68,    97,    95,    60,    79,   119,
-    96,   143,   143,    86,    45,    46,    97,    85,    60,    70,
-   106,    98,    67,     6,     7,     8,     9,    10,    11,    12,
+static const short yytable[] = {    78,
+    67,    99,    35,    84,    65,   125,    54,    49,   155,   152,
+    53,    80,    47,    88,   171,    89,     9,    48,    91,    55,
+   127,    50,   129,    56,    50,    18,   114,    99,    81,    99,
+    57,    69,    92,    87,    27,    77,   119,   168,    31,   -89,
+   126,    50,    67,   140,    96,    79,    58,   156,   131,   143,
+    97,    76,    60,   142,   -89,    60,    59,    68,    60,    95,
+    85,   159,   132,    96,    99,    45,    46,    93,    94,    97,
+    86,    60,   143,   143,    98,   160,   119,   126,   140,   157,
+   158,    96,   156,    67,    58,   111,   112,    97,   142,    60,
+    60,   106,   119,   113,    59,   116,    60,   128,   133,   134,
+    98,    70,    93,    88,   119,     6,     7,     8,     9,    10,
+    11,    12,    13,    14,    15,    16,    17,    18,    19,    20,
+    21,    22,   135,    24,    25,    26,    27,    28,   139,   136,
+    31,   146,   147,   148,   149,   154,   -19,   150,   163,   164,
+    32,   165,   166,   -19,  -103,   169,   -19,   172,   -19,   107,
+   170,   -19,     4,     6,     7,     8,     9,    10,    11,    12,
     13,    14,    15,    16,    17,    18,    19,    20,    21,    22,
-   110,    24,    25,    26,    27,    28,   111,   126,    31,    93,
-    94,    96,   112,   116,   -19,   113,   133,    97,    32,    60,
-    98,   -19,  -103,   128,   -19,   134,   -19,   107,    93,   -19,
-    88,     6,     7,     8,     9,    10,    11,    12,    13,    14,
-    15,    16,    17,    18,    19,    20,    21,    22,   135,    24,
-    25,    26,    27,    28,   139,   140,    31,   136,   146,   156,
-   147,   148,   -19,   154,   149,   142,    32,    60,   150,   -19,
-  -104,   163,   -19,   172,   -19,     5,   164,   -19,   165,     6,
-     7,     8,     9,    10,    11,    12,    13,    14,    15,    16,
-    17,    18,    19,    20,    21,    22,    23,    24,    25,    26,
-    27,    28,    29,    30,    31,   166,   169,   170,     4,    75,
-   -19,    78,   162,   115,    32,   108,   153,   -19,   124,   118,
-   -19,     0,   -19,     6,     7,     8,     9,    10,    11,    12,
-    13,    14,    15,    16,    17,    18,    19,    20,    21,    22,
-   130,    24,    25,    26,    27,    28,     0,     0,    31,     0,
-     0,     0,     0,   -82,     0,     0,     0,     0,    32,     0,
-     0,     0,   151,     0,     0,   -82,     6,     7,     8,     9,
-    10,    11,    12,    13,    14,    15,    16,    17,    18,    19,
-    20,    21,    22,     0,    24,    25,    26,    27,    28,     0,
-     0,    31,     0,     0,     0,     0,   -82,     0,     0,     0,
-     0,    32,     0,     0,     0,   167,     0,     0,   -82,     6,
-     7,     8,     9,    10,    11,    12,    13,    14,    15,    16,
-    17,    18,    19,    20,    21,    22,     0,    24,    25,    26,
-    27,    28,     0,     0,    31,     0,     0,     0,     0,   -82,
-     0,     0,     0,     0,    32,     0,     0,     0,     0,     0,
-     0,   -82,     6,     7,     8,     9,    10,    11,    12,    13,
-    14,    15,    16,    17,    18,    19,    20,    21,    22,     0,
-    24,    25,    26,    27,    28,     0,     0,    31,     0,     0,
-     0,     0,     0,   140,     0,     0,     0,   141,     0,     0,
-     0,     0,     0,   142,     0,    60,     6,     7,     8,     9,
-    10,    11,    12,    13,    14,    15,    16,    17,    18,    19,
-    20,    21,    22,     0,    24,    25,    26,    27,    28,     0,
-     0,    31,     0,     0,     0,     0,   161,     0,     0,     0,
-     0,    32,     6,     7,     8,     9,    10,    11,    12,    13,
-    14,    15,    16,    17,    18,    19,    20,    21,    22,     0,
-    24,    25,    26,    27,    28,     0,     0,    31,     0,     0,
-     7,     8,     9,    10,    11,     0,    13,    32,    15,    16,
-     0,    18,    19,    20,     0,    22,     0,    24,    25,    26,
-    27,    28,     0,     0,    31,     0,     0,     0,     0,     0,
-     0,     0,     0,     0,    32
+    75,    24,    25,    26,    27,    28,   162,   108,    31,   115,
+   124,     0,   130,     0,   -19,   153,     0,     0,    32,     0,
+     0,   -19,  -104,     0,   -19,     0,   -19,     5,     0,   -19,
+     0,     6,     7,     8,     9,    10,    11,    12,    13,    14,
+    15,    16,    17,    18,    19,    20,    21,    22,    23,    24,
+    25,    26,    27,    28,    29,    30,    31,     0,     0,     0,
+     0,     0,   -19,     0,     0,     0,    32,     0,     0,   -19,
+     0,   118,   -19,     0,   -19,     6,     7,     8,     9,    10,
+    11,    12,    13,    14,    15,    16,    17,    18,    19,    20,
+    21,    22,     0,    24,    25,    26,    27,    28,     0,     0,
+    31,     0,     0,     0,     0,   -82,     0,     0,     0,     0,
+    32,     0,     0,     0,   151,     0,     0,   -82,     6,     7,
+     8,     9,    10,    11,    12,    13,    14,    15,    16,    17,
+    18,    19,    20,    21,    22,     0,    24,    25,    26,    27,
+    28,     0,     0,    31,     0,     0,     0,     0,   -82,     0,
+     0,     0,     0,    32,     0,     0,     0,   167,     0,     0,
+   -82,     6,     7,     8,     9,    10,    11,    12,    13,    14,
+    15,    16,    17,    18,    19,    20,    21,    22,     0,    24,
+    25,    26,    27,    28,     0,     0,    31,     0,     0,     0,
+     0,   -82,     0,     0,     0,     0,    32,     0,     0,     0,
+     0,     0,     0,   -82,     6,     7,     8,     9,    10,    11,
+    12,    13,    14,    15,    16,    17,    18,    19,    20,    21,
+    22,     0,    24,    25,    26,    27,    28,     0,     0,    31,
+     0,     0,     0,     0,     0,   140,     0,     0,     0,   141,
+     0,     0,     0,     0,     0,   142,     0,    60,     6,     7,
+     8,     9,    10,    11,    12,    13,    14,    15,    16,    17,
+    18,    19,    20,    21,    22,     0,    24,    25,    26,    27,
+    28,     0,     0,    31,     0,     0,     0,     0,     0,     0,
+     0,     0,     0,    32,     0,     0,     0,     0,     0,     0,
+   110,     6,     7,     8,     9,    10,    11,    12,    13,    14,
+    15,    16,    17,    18,    19,    20,    21,    22,     0,    24,
+    25,    26,    27,    28,     0,     0,    31,     0,     0,     0,
+     0,   161,     0,     0,     0,     0,    32,     6,     7,     8,
+     9,    10,    11,    12,    13,    14,    15,    16,    17,    18,
+    19,    20,    21,    22,     0,    24,    25,    26,    27,    28,
+     0,     0,    31,     0,     0,     0,     0,     0,     0,     0,
+     0,     0,    32
 };
 
-static const short yycheck[] = {    36,
-    71,    92,     3,    35,    24,    36,   132,     1,    60,    36,
-    32,    32,    31,    46,    29,     1,    31,    36,     0,    50,
-     1,     8,    32,    50,    46,    46,    97,    59,    99,    49,
-    17,    83,    64,    53,   160,    46,    46,    36,    32,    26,
-    43,   132,    36,    30,   142,   143,    40,    46,   119,    48,
-    36,    52,    46,    47,    48,    36,    97,   148,    99,    40,
-    46,    50,    48,   134,    31,    46,    36,    48,    36,   160,
-    40,   142,   143,    45,    43,    44,    46,    43,    48,     1,
-    44,    51,   119,     5,     6,     7,     8,     9,    10,    11,
-    12,    13,    14,    15,    16,    17,    18,    19,    20,    21,
-    47,    23,    24,    25,    26,    27,    47,    36,    30,    43,
-    44,    40,    47,    30,    36,    47,    43,    46,    40,    48,
-    51,    43,    44,    33,    46,    45,    48,     1,    43,    51,
-    29,     5,     6,     7,     8,     9,    10,    11,    12,    13,
-    14,    15,    16,    17,    18,    19,    20,    21,    43,    23,
-    24,    25,    26,    27,    47,    36,    30,    49,    47,    40,
-    35,    45,    36,    33,    47,    46,    40,    48,    47,    43,
-    44,    47,    46,     0,    48,     1,    47,    51,    47,     5,
-     6,     7,     8,     9,    10,    11,    12,    13,    14,    15,
-    16,    17,    18,    19,    20,    21,    22,    23,    24,    25,
-    26,    27,    28,    29,    30,    47,    47,    47,     1,    52,
-    36,    55,   148,    86,    40,    73,   134,    43,    95,     1,
-    46,    -1,    48,     5,     6,     7,     8,     9,    10,    11,
+static const short yycheck[] = {    55,
+    36,    71,     3,    60,    35,     1,    24,    36,     1,   132,
+    36,     1,    31,    29,     0,    31,     8,    36,    32,    46,
+    97,    50,    99,    46,    50,    17,    83,    97,    59,    99,
+    43,    49,    46,    64,    26,    53,    92,   160,    30,    32,
+    36,    50,    78,    36,    40,    36,    36,    40,    32,   119,
+    46,    52,    48,    46,    47,    48,    46,    31,    48,    36,
+    43,    32,    46,    40,   134,    43,    44,    43,    44,    46,
+    45,    48,   142,   143,    51,    46,   132,    36,    36,   142,
+   143,    40,    40,   119,    36,    47,    47,    46,    46,    48,
+    48,    44,   148,    47,    46,    30,    48,    33,    43,    45,
+    51,     1,    43,    29,   160,     5,     6,     7,     8,     9,
+    10,    11,    12,    13,    14,    15,    16,    17,    18,    19,
+    20,    21,    43,    23,    24,    25,    26,    27,    47,    49,
+    30,    47,    35,    45,    47,    33,    36,    47,    47,    47,
+    40,    47,    47,    43,    44,    47,    46,     0,    48,     1,
+    47,    51,     1,     5,     6,     7,     8,     9,    10,    11,
     12,    13,    14,    15,    16,    17,    18,    19,    20,    21,
-   100,    23,    24,    25,    26,    27,    -1,    -1,    30,    -1,
-    -1,    -1,    -1,    35,    -1,    -1,    -1,    -1,    40,    -1,
-    -1,    -1,     1,    -1,    -1,    47,     5,     6,     7,     8,
-     9,    10,    11,    12,    13,    14,    15,    16,    17,    18,
-    19,    20,    21,    -1,    23,    24,    25,    26,    27,    -1,
-    -1,    30,    -1,    -1,    -1,    -1,    35,    -1,    -1,    -1,
-    -1,    40,    -1,    -1,    -1,     1,    -1,    -1,    47,     5,
-     6,     7,     8,     9,    10,    11,    12,    13,    14,    15,
-    16,    17,    18,    19,    20,    21,    -1,    23,    24,    25,
-    26,    27,    -1,    -1,    30,    -1,    -1,    -1,    -1,    35,
-    -1,    -1,    -1,    -1,    40,    -1,    -1,    -1,    -1,    -1,
-    -1,    47,     5,     6,     7,     8,     9,    10,    11,    12,
-    13,    14,    15,    16,    17,    18,    19,    20,    21,    -1,
-    23,    24,    25,    26,    27,    -1,    -1,    30,    -1,    -1,
-    -1,    -1,    -1,    36,    -1,    -1,    -1,    40,    -1,    -1,
-    -1,    -1,    -1,    46,    -1,    48,     5,     6,     7,     8,
-     9,    10,    11,    12,    13,    14,    15,    16,    17,    18,
-    19,    20,    21,    -1,    23,    24,    25,    26,    27,    -1,
-    -1,    30,    -1,    -1,    -1,    -1,    35,    -1,    -1,    -1,
-    -1,    40,     5,     6,     7,     8,     9,    10,    11,    12,
-    13,    14,    15,    16,    17,    18,    19,    20,    21,    -1,
-    23,    24,    25,    26,    27,    -1,    -1,    30,    -1,    -1,
-     6,     7,     8,     9,    10,    -1,    12,    40,    14,    15,
-    -1,    17,    18,    19,    -1,    21,    -1,    23,    24,    25,
-    26,    27,    -1,    -1,    30,    -1,    -1,    -1,    -1,    -1,
-    -1,    -1,    -1,    -1,    40
+    52,    23,    24,    25,    26,    27,   148,    73,    30,    86,
+    95,    -1,   100,    -1,    36,   134,    -1,    -1,    40,    -1,
+    -1,    43,    44,    -1,    46,    -1,    48,     1,    -1,    51,
+    -1,     5,     6,     7,     8,     9,    10,    11,    12,    13,
+    14,    15,    16,    17,    18,    19,    20,    21,    22,    23,
+    24,    25,    26,    27,    28,    29,    30,    -1,    -1,    -1,
+    -1,    -1,    36,    -1,    -1,    -1,    40,    -1,    -1,    43,
+    -1,     1,    46,    -1,    48,     5,     6,     7,     8,     9,
+    10,    11,    12,    13,    14,    15,    16,    17,    18,    19,
+    20,    21,    -1,    23,    24,    25,    26,    27,    -1,    -1,
+    30,    -1,    -1,    -1,    -1,    35,    -1,    -1,    -1,    -1,
+    40,    -1,    -1,    -1,     1,    -1,    -1,    47,     5,     6,
+     7,     8,     9,    10,    11,    12,    13,    14,    15,    16,
+    17,    18,    19,    20,    21,    -1,    23,    24,    25,    26,
+    27,    -1,    -1,    30,    -1,    -1,    -1,    -1,    35,    -1,
+    -1,    -1,    -1,    40,    -1,    -1,    -1,     1,    -1,    -1,
+    47,     5,     6,     7,     8,     9,    10,    11,    12,    13,
+    14,    15,    16,    17,    18,    19,    20,    21,    -1,    23,
+    24,    25,    26,    27,    -1,    -1,    30,    -1,    -1,    -1,
+    -1,    35,    -1,    -1,    -1,    -1,    40,    -1,    -1,    -1,
+    -1,    -1,    -1,    47,     5,     6,     7,     8,     9,    10,
+    11,    12,    13,    14,    15,    16,    17,    18,    19,    20,
+    21,    -1,    23,    24,    25,    26,    27,    -1,    -1,    30,
+    -1,    -1,    -1,    -1,    -1,    36,    -1,    -1,    -1,    40,
+    -1,    -1,    -1,    -1,    -1,    46,    -1,    48,     5,     6,
+     7,     8,     9,    10,    11,    12,    13,    14,    15,    16,
+    17,    18,    19,    20,    21,    -1,    23,    24,    25,    26,
+    27,    -1,    -1,    30,    -1,    -1,    -1,    -1,    -1,    -1,
+    -1,    -1,    -1,    40,    -1,    -1,    -1,    -1,    -1,    -1,
+    47,     5,     6,     7,     8,     9,    10,    11,    12,    13,
+    14,    15,    16,    17,    18,    19,    20,    21,    -1,    23,
+    24,    25,    26,    27,    -1,    -1,    30,    -1,    -1,    -1,
+    -1,    35,    -1,    -1,    -1,    -1,    40,     5,     6,     7,
+     8,     9,    10,    11,    12,    13,    14,    15,    16,    17,
+    18,    19,    20,    21,    -1,    23,    24,    25,    26,    27,
+    -1,    -1,    30,    -1,    -1,    -1,    -1,    -1,    -1,    -1,
+    -1,    -1,    40
 };
 /* -*-C-*-  Note some compilers choke on comments on `#line' lines.  */
 #line 3 "/usr/lib/bison.simple"
--- linux-2.6.0-test7/scripts/genksyms/parse.y.~1~	2003-10-08 21:24:04.000000000 +0200
+++ linux-2.6.0-test7/scripts/genksyms/parse.y	2003-10-09 15:03:38.000000000 +0200
@@ -197,7 +197,7 @@ storage_class_specifier:
 type_specifier:
 	simple_type_specifier
 	| cvar_qualifier
-	| TYPEOF_KEYW '(' type_specifier ')'
+	| TYPEOF_KEYW '(' decl_specifier_seq ')'
 
 	/* References to s/u/e's defined elsewhere.  Rearrange things
 	   so that it is easier to expand the definition fully later.  */
